/*                (0)     (1)      (2)     (3)     (4)     (5)     (6)     (7)       (8)      */
/*                  $       {  nonterm       }       ,       [       :       ]      term      */ 
/*  S (0)  */      -1,      0,      -1,     -1,     -1,     -1,     -1,     -1,       -1
/*  A (1)  */      -1,      1,      -1,     -1,     -1,     -1,     -1,     -1,       -1
/*  B (2)  */       5,     -1,      -1,     -1,     -1,      3,     -1,     -1,       -1
/*  C (3)  */       3,     -1,      -1,     -1,      2,     -1,     -1,     -1,       -1
/*  D (4)  */      -1,     -1,       6,     -1,     -1,      4,     -1,     -1,       -1
/*  F (5)  */      -1,     -1,       9,     -1,     -1,     -1,     -1,     -1,        9
/*  E (6)  */      -1,     -1,      -1,     -1,     -1,     -1,      7,      8,       -1
/*  G (7)  */      -1,     -1,      13,     -1,     -1,     -1,     -1,     -1,       12
/* F1 (8)  */      -1,     -1,      10,     -1,     -1,     -1,     11,     11,       10